1011 520
787 583
507 668
1009 519                                                                                                         
927 516                                                                                                               
860 512                                                                                                               
781 514                                                                                                               
723 512                                                                                                               
665 517                                                                                                               
609 520                                                                                                               
553 526                                                                                                               
507 528                                                                                                               
474 537                                                                                                               
447 540                                                                                                               
411 547                                                                                                               
388 555                                                                                                               
363 568
341 573
324 597
324 615
341 625
370 640
402 649
437 656
479 663
523 671
567 675
611 677
662 678
713 682
752 679
795 682
832 681
888 678
941 672
990 667
1033 663
1071 656
1102 650
1146 639
1173 635
1204 622
1226 603
1241 584
1222 562
1188 549
1138 537
1110 533
1076 528
1040 526
