1 0
0.999848 0.0174524
0.999391 0.0348995
0.99863 0.0523359
0.997564 0.0697564
0.996195 0.0871557
0.994522 0.104528
0.992546 0.121869
0.990268 0.139173
0.987688 0.156434
0.984808 0.173648
0.981627 0.190809
0.978148 0.207912
0.97437 0.224951
0.970296 0.241922
0.965926 0.258819
0.961262 0.275637
0.956305 0.292371
0.951057 0.309017
0.945519 0.325568
0.939693 0.34202
0.933581 0.358368
0.927184 0.374606
0.920505 0.390731
0.913546 0.406736
0.906308 0.422618
0.898794 0.438371
0.891007 0.45399
0.882948 0.469471
0.87462 0.484809
0.866026 0.5
0.857168 0.515038
0.848048 0.529919
0.838671 0.544639
0.829038 0.559192
0.819152 0.573576
0.809017 0.587785
0.798636 0.601815
0.788011 0.615661
0.777146 0.62932
0.766045 0.642787
0.75471 0.656059
0.743145 0.66913
0.731354 0.681998
0.71934 0.694658
0.707107 0.707106
0.694659 0.719339
0.681999 0.731353
0.669131 0.743144
0.65606 0.754709
0.642788 0.766044
0.629321 0.777146
0.615662 0.78801
0.601816 0.798635
0.587786 0.809017
0.573577 0.819152
0.559194 0.829037
0.54464 0.83867
0.52992 0.848048
0.515039 0.857167
0.500001 0.866025
0.48481 0.874619
0.469472 0.882947
0.453991 0.891006
0.438372 0.898794
0.422619 0.906307
0.406737 0.913545
0.390732 0.920504
0.374608 0.927184
0.358369 0.93358
0.342021 0.939692
0.325569 0.945518
0.309018 0.951056
0.292373 0.956304
0.275638 0.961261
0.25882 0.965926
0.241923 0.970295
0.224952 0.97437
0.207913 0.978147
0.19081 0.981627
0.173649 0.984808
0.156436 0.987688
0.139174 0.990268
0.121871 0.992546
0.10453 0.994522
0.087157 0.996195
0.0697577 0.997564
0.0523373 0.998629
0.0349008 0.999391
0.0174537 0.999848
1.26759e-06 1
-0.017451 0.999848
-0.0348982 0.999391
-0.0523346 0.99863
-0.0697551 0.997564
-0.0871543 0.996195
-0.104527 0.994522
-0.121868 0.992546
-0.139172 0.990268
-0.156433 0.987689
-0.173647 0.984808
-0.190808 0.981627
-0.20791 0.978148
-0.22495 0.97437
-0.24192 0.970296
-0.258818 0.965926
-0.275636 0.961262
-0.29237 0.956305
-0.309015 0.951057
-0.325567 0.945519
-0.342019 0.939693
-0.358366 0.933581
-0.374605 0.927184
-0.39073 0.920505
-0.406735 0.913546
-0.422617 0.906308
-0.43837 0.898795
-0.453989 0.891007
-0.46947 0.882948
-0.484808 0.874621
-0.499998 0.866026
-0.515037 0.857168
-0.529918 0.848049
-0.544637 0.838672
-0.559191 0.829039
-0.573575 0.819153
-0.587784 0.809018
-0.601814 0.798637
-0.61566 0.788012
-0.629319 0.777147
-0.642786 0.766046
-0.656058 0.754711
-0.669129 0.743146
-0.681997 0.731355
-0.694657 0.719341
-0.707105 0.707108
-0.719338 0.69466
-0.731352 0.682
-0.743143 0.669132
-0.754708 0.656061
-0.766043 0.642789
-0.777145 0.629322
-0.788009 0.615663
-0.798634 0.601817
-0.809016 0.587787
-0.819151 0.573578
-0.829036 0.559195
-0.838669 0.544641
-0.848047 0.529921
-0.857166 0.51504
-0.866024 0.500002
-0.874619 0.484812
-0.882947 0.469473
-0.891006 0.453993
-0.898793 0.438373
-0.906307 0.42262
-0.913545 0.406739
-0.920504 0.390733
-0.927183 0.374609
-0.93358 0.35837
-0.939692 0.342022
-0.945518 0.32557
-0.951056 0.309019
-0.956304 0.292374
-0.961261 0.27564
-0.965925 0.258821
-0.970295 0.241924
-0.97437 0.224953
-0.978147 0.207914
-0.981627 0.190811
-0.984807 0.173651
-0.987688 0.156437
-0.990268 0.139176
-0.992546 0.121872
-0.994522 0.104531
-0.996194 0.0871582
-0.997564 0.0697591
-0.998629 0.0523387
-0.999391 0.0349021
-0.999848 0.0174551
-1 2.53518e-06
-0.999848 -0.0174498
-0.999391 -0.0348968
-0.99863 -0.0523334
-0.997564 -0.0697538
-0.996195 -0.087153
-0.994522 -0.104526
-0.992546 -0.121867
-0.990268 -0.13917
-0.987689 -0.156432
-0.984808 -0.173645
-0.981628 -0.190806
-0.978148 -0.207909
-0.974371 -0.224948
-0.970296 -0.241919
-0.965927 -0.258816
-0.961263 -0.275635
-0.956306 -0.292369
-0.951057 -0.309014
-0.94552 -0.325565
-0.939694 -0.342017
-0.933581 -0.358365
-0.927185 -0.374604
-0.920506 -0.390728
-0.913547 -0.406734
-0.906309 -0.422615
-0.898795 -0.438368
-0.891008 -0.453988
-0.882949 -0.469469
-0.874621 -0.484807
-0.866027 -0.499997
-0.857169 -0.515035
-0.84805 -0.529917
-0.838672 -0.544636
-0.829039 -0.55919
-0.819154 -0.573574
-0.809019 -0.587783
-0.798637 -0.601813
-0.788013 -0.615659
-0.777148 -0.629318
-0.766046 -0.642785
-0.754712 -0.656057
-0.743147 -0.669128
-0.731356 -0.681996
-0.719342 -0.694656
-0.707109 -0.707104
-0.694661 -0.719338
-0.682001 -0.731351
-0.669133 -0.743142
-0.656062 -0.754707
-0.64279 -0.766042
-0.629323 -0.777144
-0.615664 -0.788009
-0.601818 -0.798633
-0.587788 -0.809015
-0.573579 -0.81915
-0.559196 -0.829036
-0.544642 -0.838669
-0.529922 -0.848046
-0.515041 -0.857165
-0.500003 -0.866024
-0.484813 -0.874618
-0.469475 -0.882946
-0.453994 -0.891005
-0.438374 -0.898792
-0.422622 -0.906306
-0.40674 -0.913544
-0.390734 -0.920503
-0.37461 -0.927183
-0.358371 -0.933579
-0.342024 -0.939691
-0.325572 -0.945517
-0.309021 -0.951055
-0.292375 -0.956304
-0.275641 -0.961261
-0.258823 -0.965925
-0.241926 -0.970295
-0.224955 -0.974369
-0.207915 -0.978147
-0.190813 -0.981627
-0.173652 -0.984807
-0.156438 -0.987688
-0.139177 -0.990268
-0.121873 -0.992546
-0.104532 -0.994521
-0.0871595 -0.996194
-0.0697603 -0.997564
-0.0523399 -0.998629
-0.0349036 -0.999391
-0.0174566 -0.999848
-3.80277e-06 -1
0.0174485 -0.999848
0.0348955 -0.999391
0.0523319 -0.99863
0.0697523 -0.997564
0.0871519 -0.996195
0.104525 -0.994522
0.121865 -0.992547
0.139169 -0.990269
0.15643 -0.987689
0.173644 -0.984809
0.190805 -0.981628
0.207908 -0.978148
0.224947 -0.974371
0.241918 -0.970297
0.258815 -0.965927
0.275633 -0.961263
0.292368 -0.956306
0.309013 -0.951058
0.325564 -0.94552
0.342016 -0.939694
0.358364 -0.933582
0.374603 -0.927185
0.390727 -0.920506
0.406733 -0.913547
0.422614 -0.90631
0.438367 -0.898796
0.453986 -0.891009
0.469468 -0.88295
0.484806 -0.874622
0.499996 -0.866028
0.515034 -0.85717
0.529915 -0.848051
0.544635 -0.838673
0.559189 -0.82904
0.573573 -0.819155
0.587782 -0.80902
0.601811 -0.798638
0.615658 -0.788014
0.629317 -0.777149
0.642784 -0.766047
0.656056 -0.754713
0.669127 -0.743148
0.681995 -0.731357
0.694655 -0.719343
0.707104 -0.70711
0.719337 -0.694662
0.731351 -0.682002
0.743142 -0.669134
0.754706 -0.656063
0.766041 -0.642791
0.777143 -0.629324
0.788008 -0.615665
0.798633 -0.601819
0.809014 -0.587789
0.819149 -0.573581
0.829035 -0.559197
0.838668 -0.544643
0.848046 -0.529923
0.857165 -0.515042
0.866023 -0.500004
0.874617 -0.484814
0.882945 -0.469476
0.891004 -0.453995
0.898792 -0.438376
0.906306 -0.422623
0.913543 -0.406741
0.920503 -0.390736
0.927182 -0.374611
0.933579 -0.358373
0.939691 -0.342025
0.945517 -0.325573
0.951055 -0.309022
0.956303 -0.292376
0.96126 -0.275642
0.965925 -0.258824
0.970294 -0.241927
0.974369 -0.224956
0.978146 -0.207917
0.981626 -0.190814
0.984807 -0.173653
0.987688 -0.15644
0.990267 -0.139178
0.992545 -0.121875
0.994521 -0.104534
0.996194 -0.0871608
0.997564 -0.0697616
0.998629 -0.0523412
0.999391 -0.0349048
0.999848 -0.0174579
